628 721 144 89 28 stop0
196 635 172 98 245 stop1
169 718 179 213 172 stop2
662 432 164 15 190 stop3
24 70 23 189 109 stop4
415 571 119 205 234 stop5
36 649 41 181 100 stop6
528 441 65 30 18 stop7
679 212 118 27 249 stop8
778 347 250 73 164 stop9
90 456 191 216 124 stop10
765 229 5 247 73 stop11
339 3 83 103 223 stop12
438 575 112 77 124 stop13
565 63 219 170 16 stop14
228 305 202 45 31 stop15
388 134 122 168 184 stop16
458 212 27 50 170 stop17
526 22 224 232 46 stop18
724 550 132 169 99 stop19
201 568 184 67 209 stop20
394 55 147 114 64 stop21
248 252 5 173 172 stop22
678 23 233 81 127 stop23
254 318 140 207 75 stop24
425 107 145 11 46 stop25
436 12 229 10 157 stop26
541 722 7 111 205 stop27
356 204 227 180 249 stop28
408 306 65 119 246 stop29
512 268 192 114 112 stop30
250 241 184 86 139 stop31
313 175 39 97 216 stop32
784 48 123 179 246 stop33
481 22 51 120 223 stop34
767 441 40 98 159 stop35
504 765 224 245 200 stop36
309 297 236 107 194 stop37
339 752 192 80 70 stop38
40 428 184 33 213 stop39
65 75 87 84 31 stop40
382 485 246 77 199 stop41
544 722 74 47 34 stop42
291 330 123 28 41 stop43
611 84 166 40 143 stop44
243 389 86 55 179 stop45
589 0 91 75 214 stop46
666 390 29 151 196 stop47
446 790 233 32 254 stop48
142 49 242 26 69 stop49
687 269 238 98 64 stop50
351 576 147 40 195 stop51
145 322 82 193 165 stop52
572 33 1 3 24 stop53
367 616 35 219 1 stop54
392 724 33 31 130 stop55
638 306 53 116 47 stop56
496 56 179 243 180 stop57
605 624 67 102 200 stop58
2 429 64 64 48 stop59
498 707 59 42 75 stop60
154 76 180 240 149 stop61
149 418 48 164 94 stop62
312 705 188 111 150 stop63
275 288 90 193 137 stop64
540 524 166 243 59 stop65
765 307 130 203 209 stop66
507 737 15 165 152 stop67
76 268 83 159 57 stop68
313 508 71 30 73 stop69
214 642 51 114 107 stop70
154 264 38 142 191 stop71
241 325 238 73 106 stop72
294 604 74 254 141 stop73
705 759 19 163 222 stop74
295 696 17 23 51 stop75
541 356 120 170 27 stop76
398 672 49 111 128 stop77
693 696 220 30 144 stop78
463 153 249 53 221 stop79
226 642 109 159 35 stop80
489 580 63 31 13 stop81
471 59 42 63 136 stop82
749 193 81 53 48 stop83
483 175 168 187 107 stop84
637 373 118 146 174 stop85
173 123 72 68 54 stop86
702 165 237 239 238 stop87
223 590 244 211 117 stop88
64 339 223 250 228 stop89
265 741 67 226 228 stop90
64 125 162 77 111 stop91
186 306 50 183 112 stop92
189 504 252 55 185 stop93
383 622 112 222 117 stop94
635 290 107 177 143 stop95
548 411 9 171 132 stop96
593 665 211 200 146 stop97
704 280 21 35 175 stop98
645 459 156 239 19 stop99
587 641 87 149 70 stop100
96 424 103 134 209 stop101
682 378 210 49 43 stop102
548 284 127 193 105 stop103
746 388 125 173 207 stop104
639 261 145 154 235 stop105
722 186 205 8 207 stop106
483 30 241 186 16 stop107
489 122 0 73 62 stop108
236 723 247 39 92 stop109
693 360 204 168 130 stop110
43 530 226 35 123 stop111
384 475 184 218 16 stop112
38 47 200 213 160 stop113
760 267 185 25 178 stop114
764 642 112 61 52 stop115
320 293 126 155 4 stop116
384 178 16 130 172 stop117
794 39 101 121 39 stop118
185 73 40 237 71 stop119
94 522 229 85 17 stop120
710 54 6 36 165 stop121
646 11 171 230 131 stop122
581 645 105 237 72 stop123
99 466 95 192 57 stop124
485 758 106 4 136 stop125
4 174 120 67 203 stop126
328 698 70 50 50 stop127
636 583 224 102 219 stop128
414 35 51 93 48 stop129
219 441 187 200 94 stop130
174 190 60 120 77 stop131
307 503 236 174 155 stop132
237 290 9 142 206 stop133
592 120 128 239 164 stop134
396 536 254 97 160 stop135
391 223 217 133 205 stop136
39 736 177 10 23 stop137
504 798 60 221 237 stop138
781 508 71 4 253 stop139
123 222 203 155 201 stop140
687 604 132 89 160 stop141
135 522 122 152 4 stop142
353 78 228 80 181 stop143
618 722 4 101 129 stop144
438 542 37 147 192 stop145
280 597 249 126 7 stop146
524 620 144 26 0 stop147
520 620 218 35 67 stop148
356 18 47 245 234 stop149
747 33 146 46 79 stop150
31 468 13 81 179 stop151
97 675 214 38 135 stop152
206 34 77 72 255 stop153
661 223 20 174 88 stop154
408 639 192 81 138 stop155
685 335 66 228 67 stop156
173 749 56 54 61 stop157
621 516 165 32 205 stop158
259 555 152 0 77 stop159
101 500 155 48 96 stop160
407 784 105 178 126 stop161
127 608 46 72 27 stop162
273 243 95 248 84 stop163
444 121 84 186 121 stop164
544 519 213 35 66 stop165
403 186 182 84 50 stop166
48 190 164 174 145 stop167
98 350 114 83 74 stop168
54 110 7 255 151 stop169
221 349 150 234 104 stop170
752 311 110 76 22 stop171
782 372 178 202 218 stop172
448 147 239 78 65 stop173
323 741 235 18 209 stop174
792 637 98 150 26 stop175
750 137 239 42 174 stop176
748 528 70 101 187 stop177
749 13 182 223 170 stop178
297 677 184 10 8 stop179
316 72 209 7 1 stop180
658 790 19 30 129 stop181
221 335 179 201 223 stop182
622 375 81 68 186 stop183
587 167 243 247 96 stop184
663 24 228 203 208 stop185
311 392 250 135 63 stop186
513 7 134 84 0 stop187
219 188 219 247 208 stop188
605 627 132 241 137 stop189
387 449 37 210 43 stop190
690 780 222 215 217 stop191
147 287 134 81 235 stop192
706 672 164 41 27 stop193
586 52 234 3 78 stop194
462 751 143 69 57 stop195
660 307 120 205 97 stop196
175 249 163 36 112 stop197
551 508 183 128 53 stop198
514 356 243 6 38 stop199
337 461 175 123 161 stop200
230 537 218 83 160 stop201
204 137 41 30 87 stop202
795 769 77 182 224 stop203
44 715 20 29 96 stop204
347 548 40 98 209 stop205
141 709 225 50 154 stop206
544 394 33 17 94 stop207
414 258 160 42 48 stop208
726 371 54 50 19 stop209
229 576 159 187 14 stop210
349 599 10 247 222 stop211
522 727 143 213 97 stop212
779 361 210 215 24 stop213
750 93 77 66 37 stop214
714 340 130 11 78 stop215
360 572 188 13 225 stop216
73 56 25 158 198 stop217
284 41 248 73 130 stop218
79 342 87 140 155 stop219
268 269 134 46 231 stop220
631 486 135 11 47 stop221
728 334 162 233 8 stop222
712 546 123 26 69 stop223
613 664 58 124 220 stop224
169 699 10 76 36 stop225
549 226 62 247 163 stop226
565 351 200 58 148 stop227
378 709 151 184 255 stop228
356 94 13 153 198 stop229
36 288 17 131 16 stop230
742 694 238 175 166 stop231
362 645 115 246 252 stop232
541 521 17 157 165 stop233
249 782 63 173 157 stop234
355 98 7 223 16 stop235
83 361 78 211 206 stop236
722 572 210 11 189 stop237
85 160 41 215 211 stop238
112 748 155 187 83 stop239
550 481 37 110 31 stop240
328 60 27 48 97 stop241
275 269 250 20 177 stop242
199 200 188 241 75 stop243
551 230 155 24 101 stop244
411 25 122 116 113 stop245
289 728 165 50 41 stop246
20 339 169 110 10 stop247
390 448 49 141 252 stop248
52 427 166 121 145 stop249
156 284 79 29 105 stop250
17 766 212 155 218 stop251
158 639 15 147 172 stop252
66 261 19 169 228 stop253
462 104 48 143 110 stop254
272 642 160 13 15 stop255
359 120 162 100 223 stop256
373 128 82 226 183 stop257
611 504 163 209 102 stop258
462 677 7 208 55 stop259
301 711 38 212 89 stop260
100 288 49 41 12 stop261
787 258 89 22 104 stop262
704 226 87 222 159 stop263
56 406 247 53 227 stop264
34 194 32 22 50 stop265
712 609 66 112 21 stop266
332 137 216 208 157 stop267
238 132 113 47 34 stop268
581 152 92 24 201 stop269
80 577 41 162 197 stop270
647 569 136 63 20 stop271
286 526 19 72 126 stop272
200 338 122 135 124 stop273
488 434 152 24 15 stop274
477 305 79 243 169 stop275
423 376 101 179 176 stop276
472 750 126 217 55 stop277
487 695 28 44 140 stop278
390 298 33 98 179 stop279
573 450 68 255 134 stop280
190 273 72 90 93 stop281
793 305 171 115 248 stop282
266 370 33 189 121 stop283
429 419 12 183 255 stop284
156 634 74 38 107 stop285
531 669 119 49 249 stop286
6 637 130 75 144 stop287
255 278 53 152 245 stop288
207 512 174 53 191 stop289
465 505 81 59 20 stop290
48 648 41 131 44 stop291
122 522 254 253 54 stop292
131 644 194 201 214 stop293
244 334 36 140 164 stop294
676 754 46 1 1 stop295
361 283 210 79 19 stop296
474 390 64 174 255 stop297
617 632 32 130 243 stop298
83 486 67 45 2 stop299
172 708 64 206 23 stop300
177 191 90 58 209 stop301
715 699 167 68 223 stop302
280 267 177 22 126 stop303
430 713 103 206 217 stop304
773 24 184 70 225 stop305
465 603 11 15 225 stop306
182 746 255 226 128 stop307
584 712 9 141 155 stop308
317 429 97 203 15 stop309
570 37 206 82 172 stop310
797 797 190 240 252 stop311
661 655 137 34 170 stop312
589 342 141 60 132 stop313
548 442 37 71 1 stop314
505 49 182 154 87 stop315
109 434 120 166 90 stop316
253 130 154 57 246 stop317
124 724 33 99 206 stop318
476 244 194 127 19 stop319
768 266 126 159 178 stop320
268 316 232 161 245 stop321
550 229 15 106 61 stop322
189 552 252 239 236 stop323
438 74 193 216 210 stop324
595 700 77 181 44 stop325
134 674 72 12 176 stop326
722 70 111 68 130 stop327
723 468 80 104 148 stop328
590 319 218 107 72 stop329
750 135 240 29 116 stop330
237 45 116 166 203 stop331
38 171 98 54 169 stop332
577 162 36 196 197 stop333
662 227 220 253 67 stop334
258 450 251 218 224 stop335
757 22 168 141 47 stop336
759 740 221 136 90 stop337
347 727 22 140 143 stop338
537 143 128 203 93 stop339
311 329 90 107 125 stop340
767 132 159 136 227 stop341
207 342 105 45 3 stop342
516 791 35 90 138 stop343
601 477 36 237 158 stop344
613 377 234 24 138 stop345
468 670 140 154 100 stop346
260 543 94 86 162 stop347
566 459 134 24 232 stop348
281 418 249 85 196 stop349
205 155 136 7 196 stop350
796 85 29 91 39 stop351
552 88 214 78 195 stop352
254 150 198 93 41 stop353
700 389 75 234 146 stop354
681 738 151 179 223 stop355
66 516 134 85 196 stop356
590 71 199 162 126 stop357
242 537 84 7 251 stop358
372 570 14 94 68 stop359
726 427 253 95 8 stop360
115 247 66 8 100 stop361
565 453 215 187 194 stop362
92 355 230 166 99 stop363
40 549 220 171 205 stop364
230 709 171 180 231 stop365
705 533 187 106 155 stop366
72 790 184 229 234 stop367
696 773 65 138 16 stop368
643 636 149 230 222 stop369
775 415 102 219 237 stop370
248 696 243 101 236 stop371
336 656 43 22 56 stop372
123 157 215 154 114 stop373
195 103 77 196 196 stop374
104 321 102 139 49 stop375
276 389 255 224 151 stop376
228 685 11 32 77 stop377
88 80 227 53 158 stop378
7 676 127 224 66 stop379
781 661 189 225 231 stop380
207 618 92 81 253 stop381
33 444 156 177 216 stop382
665 249 92 212 44 stop383
36 193 103 105 183 stop384
562 189 171 142 200 stop385
598 544 109 176 70 stop386
3 506 240 144 14 stop387
750 307 190 112 44 stop388
277 599 87 49 207 stop389
391 538 81 237 182 stop390
108 467 58 148 177 stop391
333 321 121 182 68 stop392
35 366 162 206 152 stop393
81 155 42 113 28 stop394
29 330 76 70 25 stop395
199 161 206 66 109 stop396
538 46 149 243 76 stop397
764 766 129 130 37 stop398
790 687 50 36 228 stop399
223 686 41 123 6 stop400
779 319 117 33 191 stop401
637 756 132 173 49 stop402
561 373 24 211 86 stop403
48 456 213 190 7 stop404
787 280 57 232 31 stop405
128 671 232 238 192 stop406
187 227 237 185 125 stop407
238 641 52 137 0 stop408
752 715 101 58 128 stop409
637 564 41 163 142 stop410
84 591 160 133 127 stop411
5 48 79 168 62 stop412
510 591 113 74 209 stop413
297 483 22 82 224 stop414
205 659 126 150 44 stop415
411 443 107 117 253 stop416
79 201 125 138 161 stop417
425 627 107 103 159 stop418
80 389 176 201 38 stop419
83 312 93 53 32 stop420
2 707 93 169 35 stop421
218 303 184 35 88 stop422
645 404 215 6 163 stop423
323 220 135 188 34 stop424
633 677 46 175 50 stop425
387 25 210 144 66 stop426
120 3 181 122 108 stop427
312 563 98 46 167 stop428
424 164 154 220 154 stop429
324 558 124 230 7 stop430
589 130 125 49 29 stop431
142 357 192 63 56 stop432
484 173 121 11 13 stop433
620 761 8 8 42 stop434
116 498 200 161 216 stop435
517 620 2 156 135 stop436
82 205 42 18 253 stop437
278 414 80 235 130 stop438
441 458 137 76 109 stop439
251 182 193 85 232 stop440
192 235 9 190 96 stop441
436 296 94 115 124 stop442
595 390 50 189 244 stop443
625 708 177 213 96 stop444
450 451 159 202 215 stop445
34 573 226 25 115 stop446
783 38 45 191 233 stop447
421 84 173 218 44 stop448
575 570 195 110 236 stop449
112 282 158 251 214 stop450
35 648 79 196 172 stop451
611 295 66 0 88 stop452
420 345 191 226 49 stop453
748 332 179 59 91 stop454
13 669 60 52 195 stop455
529 330 91 251 151 stop456
532 261 154 165 218 stop457
336 248 245 132 26 stop458
528 457 243 129 152 stop459
122 87 14 89 73 stop460
703 421 27 254 2 stop461
657 532 31 96 219 stop462
90 761 128 172 160 stop463
181 524 238 154 76 stop464
535 292 204 186 58 stop465
561 390 17 118 188 stop466
407 738 173 6 158 stop467
498 362 176 209 5 stop468
471 217 52 251 31 stop469
465 274 33 60 181 stop470
369 193 218 14 125 stop471
427 578 119 145 188 stop472
797 708 185 112 168 stop473
99 213 195 178 101 stop474
717 575 146 61 174 stop475
28 257 117 198 100 stop476
538 259 55 41 174 stop477
156 235 201 157 35 stop478
452 664 102 214 50 stop479
546 315 75 55 131 stop480
105 327 7 225 146 stop481
388 791 213 109 38 stop482
548 753 100 233 122 stop483
753 417 224 0 26 stop484
406 543 115 131 77 stop485
568 49 152 105 63 stop486
437 207 54 199 45 stop487
676 606 45 219 4 stop488
738 753 200 80 44 stop489
653 185 213 238 150 stop490
520 768 64 155 91 stop491
475 394 5 50 138 stop492
652 154 251 36 130 stop493
50 609 70 173 130 stop494
685 740 74 208 35 stop495
473 340 131 46 143 stop496
259 600 196 237 5 stop497
196 582 244 111 147 stop498
240 693 51 100 221 stop499
650 10 130 139 10 stop500
775 430 42 166 38 stop501
740 726 154 182 188 stop502
289 546 230 140 224 stop503
166 529 41 190 56 stop504
794 465 53 191 201 stop505
737 298 100 174 127 stop506
608 281 83 71 160 stop507
259 483 95 62 97 stop508
408 723 247 50 211 stop509
781 217 95 66 231 stop510
779 542 106 4 115 stop511
197 658 179 0 181 stop512
194 172 126 40 176 stop513
36 11 173 221 44 stop514
412 681 63 195 120 stop515
312 527 40 253 103 stop516
784 763 73 111 150 stop517
206 67 166 57 197 stop518
223 632 64 155 80 stop519
623 576 11 148 207 stop520
88 424 186 205 141 stop521
234 761 244 6 227 stop522
74 742 40 242 4 stop523
684 412 243 191 9 stop524
376 673 191 149 99 stop525
429 116 201 128 54 stop526
672 206 154 80 60 stop527
52 639 218 184 87 stop528
431 378 40 192 156 stop529
114 293 55 14 34 stop530
787 83 194 8 48 stop531
749 6 62 104 40 stop532
396 241 155 69 14 stop533
654 530 248 217 154 stop534
114 286 255 192 10 stop535
491 194 33 20 160 stop536
741 481 207 63 99 stop537
752 64 215 240 4 stop538
316 518 192 59 72 stop539
294 190 192 30 13 stop540
82 105 192 9 201 stop541
353 700 50 222 204 stop542
277 163 235 138 134 stop543
699 326 227 87 229 stop544
439 100 228 110 94 stop545
538 303 30 216 125 stop546
493 796 189 98 150 stop547
589 456 171 83 100 stop548
239 449 245 126 106 stop549
308 636 254 134 120 stop550
235 43 8 3 18 stop551
794 158 228 82 50 stop552
495 452 202 214 67 stop553
641 646 127 54 205 stop554
82 653 170 207 186 stop555
99 81 245 242 9 stop556
181 263 227 153 248 stop557
587 492 69 205 213 stop558
387 542 179 109 209 stop559
332 206 185 134 167 stop560
768 391 180 145 3 stop561
505 123 189 250 213 stop562
444 740 50 43 45 stop563
298 98 158 24 7 stop564
535 377 116 145 63 stop565
338 494 17 106 13 stop566
734 545 220 252 109 stop567
192 106 201 80 43 stop568
465 756 64 102 244 stop569
46 31 67 126 58 stop570
481 408 168 102 153 stop571
492 245 14 77 151 stop572
641 115 143 78 113 stop573
568 508 49 163 231 stop574
36 667 125 124 203 stop575
482 597 238 40 238 stop576
501 427 160 79 184 stop577
530 664 86 235 123 stop578
683 338 97 248 9 stop579
694 516 10 59 12 stop580
240 776 89 108 13 stop581
9 306 228 176 101 stop582
183 635 38 89 50 stop583
425 681 218 165 84 stop584
388 198 20 28 199 stop585
410 633 235 254 100 stop586
359 381 163 6 10 stop587
659 302 208 57 237 stop588
144 586 117 64 151 stop589
9 192 39 75 117 stop590
335 637 99 76 204 stop591
5 250 110 54 21 stop592
23 414 212 47 190 stop593
112 549 67 148 140 stop594
289 788 134 49 68 stop595
144 332 82 58 174 stop596
8 350 238 91 215 stop597
176 225 53 66 243 stop598
795 134 248 15 126 stop599
156 294 161 188 194 stop600
209 85 185 138 216 stop601
414 214 166 86 187 stop602
46 24 95 19 42 stop603
68 16 188 244 196 stop604
299 18 187 129 169 stop605
306 508 90 63 132 stop606
760 607 65 186 116 stop607
69 175 185 126 234 stop608
698 618 41 171 33 stop609
49 262 203 106 115 stop610
258 118 167 187 195 stop611
461 590 155 73 23 stop612
559 202 15 21 156 stop613
312 385 56 19 31 stop614
699 514 33 188 235 stop615
794 502 216 37 153 stop616
360 685 47 231 94 stop617
751 225 219 12 238 stop618
254 350 114 172 173 stop619
66 678 105 83 244 stop620
679 482 242 101 223 stop621
496 202 251 60 53 stop622
323 549 89 147 13 stop623
523 269 50 171 236 stop624
277 156 176 72 179 stop625
181 361 14 107 85 stop626
138 242 219 42 215 stop627
287 653 78 137 17 stop628
72 105 185 98 61 stop629
683 692 67 108 228 stop630
88 657 51 175 244 stop631
715 400 110 123 236 stop632
377 34 49 25 118 stop633
552 399 84 47 254 stop634
563 228 6 218 154 stop635
350 424 79 234 77 stop636
264 527 108 167 46 stop637
148 26 171 73 152 stop638
793 113 212 37 26 stop639
63 370 248 38 239 stop640
401 710 165 168 204 stop641
188 563 143 133 239 stop642
39 598 157 5 44 stop643
363 228 77 49 41 stop644
590 622 55 224 59 stop645
463 790 50 188 254 stop646
25 110 167 33 211 stop647
666 429 88 98 57 stop648
212 271 27 238 243 stop649
243 15 71 157 4 stop650
250 270 220 3 148 stop651
342 657 126 93 52 stop652
109 368 93 239 48 stop653
795 137 247 116 75 stop654
392 570 174 61 156 stop655
587 522 201 77 146 stop656
239 389 101 20 81 stop657
613 87 224 226 95 stop658
403 386 163 147 148 stop659
297 693 76 49 222 stop660
640 269 99 102 235 stop661
181 579 11 116 26 stop662
723 623 172 31 79 stop663
774 2 168 20 7 stop664
678 321 255 26 187 stop665
51 630 191 115 27 stop666
300 308 20 50 63 stop667
244 785 189 106 118 stop668
417 713 88 46 181 stop669
709 648 70 226 109 stop670
755 454 127 24 144 stop671
137 58 118 128 27 stop672
629 537 203 9 127 stop673
543 467 227 148 85 stop674
744 185 184 181 32 stop675
21 544 217 198 62 stop676
70 112 122 124 127 stop677
126 110 97 95 161 stop678
488 788 18 151 3 stop679
727 540 124 11 22 stop680
197 123 118 116 35 stop681
142 269 221 28 1 stop682
575 468 57 170 51 stop683
594 80 160 42 218 stop684
437 439 156 92 110 stop685
219 155 201 156 84 stop686
349 489 181 181 27 stop687
437 698 98 126 44 stop688
738 270 142 64 248 stop689
314 31 47 39 57 stop690
149 169 27 84 18 stop691
729 567 152 126 138 stop692
702 207 6 126 128 stop693
673 41 235 4 137 stop694
519 158 228 28 151 stop695
360 731 46 57 186 stop696
270 786 164 231 209 stop697
405 289 123 132 219 stop698
548 619 23 66 13 stop699
700 651 0 3 241 stop700
773 698 186 17 77 stop701
360 627 229 160 152 stop702
371 604 165 34 244 stop703
619 458 142 158 212 stop704
442 761 9 179 155 stop705
68 440 14 161 184 stop706
747 115 233 207 37 stop707
121 706 34 63 84 stop708
797 286 91 205 34 stop709
163 660 228 143 174 stop710
788 464 31 208 115 stop711
224 399 91 88 202 stop712
64 299 238 168 160 stop713
276 505 168 253 171 stop714
9 234 209 18 11 stop715
377 726 104 210 162 stop716
511 672 16 125 250 stop717
77 660 159 189 230 stop718
297 652 12 43 120 stop719
740 386 181 88 128 stop720
14 467 3 28 157 stop721
145 102 153 90 68 stop722
148 791 1 4 167 stop723
728 270 25 181 154 stop724
543 270 47 171 11 stop725
318 668 163 182 69 stop726
177 321 23 0 94 stop727
151 592 50 211 171 stop728
506 370 230 40 18 stop729
602 578 131 52 247 stop730
128 619 190 237 196 stop731
570 261 238 202 244 stop732
757 561 145 60 251 stop733
355 695 128 175 37 stop734
306 402 110 253 1 stop735
287 497 239 161 74 stop736
736 91 227 122 101 stop737
520 444 112 63 247 stop738
436 746 247 90 233 stop739
527 234 227 187 92 stop740
550 243 190 38 238 stop741
401 139 235 50 208 stop742
479 619 243 233 159 stop743
203 280 144 184 1 stop744
705 17 240 61 189 stop745
748 78 243 224 22 stop746
491 353 139 39 115 stop747
60 53 242 133 149 stop748
598 221 112 131 245 stop749
499 610 119 3 96 stop750
569 32 226 49 225 stop751
78 543 104 165 30 stop752
419 89 221 6 180 stop753
475 649 147 254 111 stop754
541 87 136 100 133 stop755
652 72 151 59 51 stop756
166 245 12 173 156 stop757
511 33 125 43 34 stop758
272 215 223 45 5 stop759
419 480 108 77 114 stop760
677 290 24 17 66 stop761
137 1 186 135 170 stop762
498 306 31 38 87 stop763
676 379 85 206 156 stop764
270 234 19 49 155 stop765
555 465 61 60 9 stop766
197 715 185 200 162 stop767
748 381 157 76 67 stop768
241 714 149 49 135 stop769
516 469 212 143 15 stop770
368 443 18 131 249 stop771
192 693 148 253 96 stop772
8 320 179 184 236 stop773
19 286 108 58 248 stop774
649 707 85 115 109 stop775
547 184 12 180 12 stop776
397 537 158 70 73 stop777
640 562 107 237 208 stop778
726 250 205 70 164 stop779
583 343 146 158 8 stop780
750 224 228 58 189 stop781
662 24 172 196 249 stop782
262 85 144 144 242 stop783
634 368 172 27 192 stop784
106 207 181 23 79 stop785
530 288 101 168 47 stop786
293 723 145 36 20 stop787
80 307 68 244 225 stop788
307 404 210 22 16 stop789
353 55 160 98 145 stop790
26 702 17 181 59 stop791
168 507 138 32 203 stop792
356 213 183 222 1 stop793
602 447 178 173 113 stop794
660 262 61 128 149 stop795
71 743 80 203 130 stop796
159 408 112 236 252 stop797
158 638 156 24 209 stop798
81 605 73 123 196 stop799
636 565 45 229 24 stop800
509 319 247 244 218 stop801
179 467 9 148 186 stop802
427 266 168 253 190 stop803
473 388 146 116 246 stop804
271 443 128 76 208 stop805
514 538 38 153 224 stop806
3 775 44 186 71 stop807
415 657 37 35 179 stop808
46 229 1 88 165 stop809
108 331 135 111 74 stop810
390 120 167 108 2 stop811
227 450 209 243 211 stop812
178 398 96 149 168 stop813
14 291 189 197 18 stop814
764 18 96 95 45 stop815
485 763 28 212 238 stop816
126 384 42 16 143 stop817
343 340 89 238 183 stop818
46 177 33 226 141 stop819
24 573 133 234 172 stop820
459 362 105 160 33 stop821
134 354 175 78 195 stop822
298 316 216 65 192 stop823
472 511 224 150 16 stop824
346 236 51 145 133 stop825
293 669 176 71 24 stop826
267 285 204 254 25 stop827
504 308 225 23 157 stop828
488 431 197 7 61 stop829
220 615 227 159 149 stop830
431 290 49 165 106 stop831
392 120 74 73 251 stop832
714 322 160 177 106 stop833
391 484 177 193 65 stop834
782 60 128 160 182 stop835
642 459 139 123 229 stop836
578 273 236 50 173 stop837
81 689 217 120 201 stop838
744 272 65 81 132 stop839
479 614 234 140 77 stop840
636 258 121 222 24 stop841
287 541 43 185 124 stop842
538 74 53 164 166 stop843
374 542 160 107 207 stop844
16 647 58 112 8 stop845
501 673 95 196 196 stop846
691 249 155 96 168 stop847
487 13 225 11 231 stop848
524 195 161 131 63 stop849
508 656 48 145 109 stop850
384 133 20 104 209 stop851
547 726 247 41 90 stop852
289 519 89 191 179 stop853
200 609 168 171 7 stop854
357 174 23 60 107 stop855
13 787 88 222 233 stop856
620 658 9 233 141 stop857
208 371 239 224 1 stop858
531 629 57 32 111 stop859
680 90 201 219 90 stop860
606 407 90 30 112 stop861
783 300 200 225 36 stop862
788 306 136 94 250 stop863
56 107 113 79 126 stop864
643 691 69 252 190 stop865
645 189 91 195 152 stop866
643 343 13 73 238 stop867
5 774 34 220 24 stop868
229 364 198 120 220 stop869
192 542 199 174 121 stop870
258 263 57 210 10 stop871
566 157 172 210 15 stop872
67 52 111 189 105 stop873
189 111 139 62 212 stop874
216 271 72 187 42 stop875
270 645 213 203 151 stop876
695 453 10 145 100 stop877
193 617 199 59 177 stop878
616 474 221 148 2 stop879
162 45 15 20 192 stop880
631 160 74 68 193 stop881
527 457 217 240 168 stop882
284 65 24 47 134 stop883
172 471 191 233 2 stop884
455 518 239 121 98 stop885
37 714 253 23 109 stop886
474 294 6 56 103 stop887
417 598 162 78 64 stop888
68 356 13 164 157 stop889
650 486 37 171 170 stop890
528 246 244 58 129 stop891
326 613 158 129 252 stop892
217 301 27 116 113 stop893
602 507 96 3 122 stop894
191 73 80 134 214 stop895
458 743 247 87 83 stop896
693 577 94 20 93 stop897
290 209 209 150 181 stop898
418 394 4 252 188 stop899
209 25 218 143 199 stop900
699 309 182 95 48 stop901
363 569 104 115 127 stop902
593 244 214 242 42 stop903
688 391 213 35 166 stop904
606 182 76 43 177 stop905
207 509 81 242 85 stop906
458 463 75 43 177 stop907
788 189 223 207 125 stop908
310 86 191 240 249 stop909
710 657 54 102 23 stop910
0 327 159 21 147 stop911
191 108 72 151 203 stop912
357 463 94 18 53 stop913
564 160 97 181 164 stop914
572 627 225 31 115 stop915
300 761 7 231 216 stop916
434 291 173 118 83 stop917
742 335 240 103 163 stop918
696 103 18 153 183 stop919
597 97 165 242 120 stop920
443 164 6 248 107 stop921
425 460 72 133 123 stop922
106 19 237 251 62 stop923
456 349 40 104 54 stop924
649 37 83 216 14 stop925
269 368 75 234 104 stop926
208 656 171 56 42 stop927
600 371 67 47 85 stop928
465 732 8 49 151 stop929
791 460 177 204 40 stop930
70 540 52 68 188 stop931
557 22 59 195 225 stop932
765 293 64 11 98 stop933
340 370 113 93 181 stop934
543 754 117 190 202 stop935
692 247 246 29 7 stop936
526 637 165 204 118 stop937
211 330 254 233 9 stop938
502 525 106 83 52 stop939
395 152 193 117 203 stop940
390 399 254 58 121 stop941
447 325 195 139 29 stop942
730 246 3 44 223 stop943
297 234 154 11 60 stop944
91 684 164 131 218 stop945
194 213 42 192 186 stop946
388 44 159 140 22 stop947
216 586 209 15 53 stop948
530 511 237 85 61 stop949
500 267 49 58 27 stop950
633 753 246 122 251 stop951
88 47 47 85 223 stop952
102 45 119 80 158 stop953
246 532 145 49 199 stop954
594 604 100 73 137 stop955
628 767 245 213 7 stop956
726 598 165 199 92 stop957
737 540 30 31 143 stop958
174 529 68 132 254 stop959
49 231 81 38 201 stop960
758 541 36 19 134 stop961
172 279 63 33 244 stop962
74 647 155 209 5 stop963
724 589 64 26 190 stop964
619 440 18 125 190 stop965
68 526 6 142 248 stop966
728 587 203 42 195 stop967
86 701 22 56 135 stop968
354 99 178 18 253 stop969
255 478 149 51 162 stop970
595 401 248 221 9 stop971
111 604 75 150 61 stop972
669 433 184 150 5 stop973
799 256 110 127 100 stop974
444 134 233 175 72 stop975
538 111 160 110 8 stop976
790 519 50 51 185 stop977
552 126 96 91 222 stop978
233 294 178 122 127 stop979
311 374 249 91 232 stop980
105 44 211 68 191 stop981
659 792 188 212 98 stop982
237 434 31 217 109 stop983
186 143 229 138 98 stop984
752 469 182 73 191 stop985
730 218 193 212 26 stop986
106 466 234 68 96 stop987
413 375 50 38 217 stop988
34 529 73 208 89 stop989
451 213 17 245 132 stop990
615 341 255 103 140 stop991
725 628 114 106 226 stop992
163 45 190 205 89 stop993
469 358 123 70 168 stop994
175 405 189 90 168 stop995
466 254 249 44 7 stop996
593 369 144 197 20 stop997
667 659 62 48 48 stop998
77 607 227 214 131 stop999
